COMUNA_ID,REGION_ID
1101,1
1107,1
1401,1
1402,1
1403,1
1404,1
1405,1
2101,2
2102,2
2103,2
2104,2
2201,2
2202,2
2203,2
2301,2
2302,2
3101,3
3102,3
3103,3
3201,3
3202,3
3301,3
3302,3
3303,3
3304,3
4101,4
4102,4
4103,4
4104,4
4105,4
4106,4
4201,4
4202,4
4203,4
4204,4
4301,4
4302,4
4303,4
4304,4
4305,4
5101,5
5102,5
5103,5
5104,5
5105,5
5107,5
5109,5
5201,5
5301,5
5302,5
5303,5
5304,5
5401,5
5402,5
5403,5
5404,5
5405,5
5501,5
5502,5
5503,5
5504,5
5506,5
5601,5
5602,5
5603,5
5604,5
5605,5
5606,5
5701,5
5702,5
5703,5
5704,5
5705,5
5706,5
5801,5
5802,5
5803,5
5804,5
6101,6
6102,6
6103,6
6104,6
6105,6
6106,6
6107,6
6108,6
6109,6
6110,6
6111,6
6112,6
6113,6
6114,6
6115,6
6116,6
6117,6
6201,6
6202,6
6203,6
6204,6
6205,6
6206,6
6301,6
6302,6
6303,6
6304,6
6305,6
6306,6
6307,6
6308,6
6309,6
6310,6
7101,7
7102,7
7103,7
7104,7
7105,7
7106,7
7107,7
7108,7
7109,7
7110,7
7201,7
7202,7
7203,7
7301,7
7302,7
7303,7
7304,7
7305,7
7306,7
7307,7
7308,7
7309,7
7401,7
7402,7
7403,7
7404,7
7405,7
7406,7
7407,7
7408,7
8101,8
8102,8
8103,8
8104,8
8105,8
8106,8
8107,8
8108,8
8109,8
8110,8
8111,8
8112,8
8201,8
8202,8
8203,8
8204,8
8205,8
8206,8
8207,8
8301,8
8302,8
8303,8
8304,8
8305,8
8306,8
8307,8
8308,8
8309,8
8310,8
8311,8
8312,8
8313,8
8314,8
8401,16
8402,16
8403,16
8404,16
8405,16
8406,16
8407,16
8408,16
8409,16
8410,16
8411,16
8412,16
8413,16
8414,16
8415,16
8416,16
8417,16
8418,16
8419,16
8420,16
8421,16
9101,9
9102,9
9103,9
9104,9
9105,9
9106,9
9107,9
9108,9
9109,9
9110,9
9111,9
9112,9
9113,9
9114,9
9115,9
9116,9
9117,9
9118,9
9119,9
9120,9
9121,9
9201,9
9202,9
9203,9
9204,9
9205,9
9206,9
9207,9
9208,9
9209,9
9210,9
9211,9
10101,10
10102,10
10103,10
10104,10
10105,10
10106,10
10107,10
10108,10
10109,10
10201,10
10202,10
10203,10
10204,10
10205,10
10206,10
10207,10
10208,10
10209,10
10210,10
10301,10
10302,10
10303,10
10304,10
10305,10
10306,10
10307,10
10401,10
10402,10
10403,10
10404,10
11101,11
11102,11
11201,11
11202,11
11203,11
11301,11
11302,11
11303,11
11401,11
11402,11
12101,12
12102,12
12103,12
12104,12
12201,12
12202,12
12301,12
12302,12
12303,12
12401,12
12402,12
13101,13
13102,13
13103,13
13104,13
13105,13
13106,13
13107,13
13108,13
13109,13
13110,13
13111,13
13112,13
13113,13
13114,13
13115,13
13116,13
13117,13
13118,13
13119,13
13120,13
13121,13
13122,13
13123,13
13124,13
13125,13
13126,13
13127,13
13128,13
13129,13
13130,13
13131,13
13132,13
13201,13
13202,13
13203,13
13301,13
13302,13
13303,13
13401,13
13402,13
13403,13
13404,13
13501,13
13502,13
13503,13
13504,13
13505,13
13601,13
13602,13
13603,13
13604,13
13605,13
14101,14
14102,14
14103,14
14104,14
14105,14
14106,14
14107,14
14108,14
14201,14
14202,14
14203,14
14204,14
15101,15
15102,15
15201,15
15202,15
